pyDanQ AU ROC	pyDanQ AU PR
0.90693	0.39384
0.91939	0.42391
0.89077	0.31031
0.92259	0.34055
0.83387	0.33818
0.88059	0.41331
0.90898	0.42996
0.92569	0.40110
0.91982	0.37803
0.92222	0.39049
0.91406	0.39028
0.92247	0.39756
0.89331	0.37661
0.93507	0.46814
0.90518	0.38880
0.87793	0.27813
0.92897	0.41090
0.92889	0.41705
0.92048	0.39991
0.89909	0.38977
0.91215	0.39414
0.94192	0.48120
0.90228	0.40765
0.90388	0.41221
0.91867	0.41965
0.90087	0.39346
0.85019	0.30668
0.84294	0.34648
0.91335	0.41203
0.84547	0.34419
0.91025	0.44818
0.88632	0.35808
0.89223	0.41823
0.91174	0.43432
0.92700	0.46167
0.92344	0.43861
0.88867	0.36625
0.88120	0.34592
0.92018	0.44304
0.90221	0.41406
0.92672	0.44753
0.92451	0.43734
0.92588	0.48078
0.92489	0.42387
0.93090	0.47608
0.92332	0.46416
0.90901	0.44780
0.92169	0.43062
0.95041	0.39656
0.91224	0.37606
0.92092	0.46111
0.92351	0.40751
0.88534	0.42266
0.88782	0.37951
0.91878	0.47368
0.87634	0.39088
0.91558	0.44161
0.87727	0.43510
0.90371	0.49512
0.89983	0.46623
0.90267	0.42285
0.89950	0.40928
0.87536	0.40567
0.88723	0.41217
0.91168	0.45276
0.85905	0.33553
0.89256	0.28871
0.90730	0.39377
0.91585	0.42078
0.90640	0.46953
0.92235	0.47013
0.91918	0.46767
0.91289	0.46873
0.86150	0.29073
0.92311	0.50114
0.92225	0.48225
0.92625	0.47768
0.92822	0.50077
0.92611	0.46552
0.91509	0.48127
0.92221	0.47669
0.93493	0.55004
0.91040	0.46876
0.92239	0.49290
0.92407	0.42225
0.92067	0.49621
0.90078	0.39325
0.93304	0.51243
0.92367	0.41883
0.93038	0.47708
0.92178	0.47350
0.91753	0.42121
0.92681	0.46484
0.92496	0.44690
0.92700	0.48427
0.91542	0.44047
0.92581	0.51589
0.92162	0.40853
0.92967	0.51392
0.92306	0.44384
0.92747	0.46625
0.91368	0.46199
0.91833	0.47691
0.90749	0.41040
0.90471	0.43761
0.90512	0.40149
0.90693	0.42616
0.93097	0.43842
0.92640	0.44302
0.92592	0.47400
0.92491	0.48933
0.92116	0.44500
0.92813	0.49771
0.92107	0.47515
0.90427	0.40439
0.93176	0.48516
0.90288	0.41828
0.93566	0.54327
0.92172	0.47672
0.87651	0.35637
0.93340	0.36858
0.89542	0.30563
0.88094	0.38549
0.90642	0.43097
0.92347	0.45035
0.97029	0.66904
0.94157	0.03929
0.97052	0.65013
0.91695	0.03924
0.94692	0.16506
0.96610	0.59980
0.98213	0.42865
0.98212	0.21413
0.96471	0.39636
0.95301	0.64061
0.79816	0.01485
0.88624	0.09564
0.97623	0.65489
0.95137	0.05843
0.97696	0.64855
0.95792	0.18537
0.96405	0.60576
0.96483	0.08190
0.96123	0.61789
0.98461	0.16608
0.97581	0.64826
0.98528	0.37079
0.91375	0.15773
0.95618	0.21714
0.96152	0.61382
0.89019	0.00737
0.96575	0.32366
0.94986	0.08777
0.96587	0.01577
0.88158	0.14570
0.98294	0.69220
0.96578	0.45938
0.94401	0.29384
0.95955	0.44664
0.98347	0.36631
0.97247	0.63690
0.98680	0.36830
0.96439	0.59893
0.98564	0.31509
0.96332	0.61956
0.97835	0.29999
0.85206	0.08133
0.97278	0.59205
0.97484	0.25546
0.95212	0.64709
0.91386	0.11870
0.86989	0.09996
0.96524	0.43176
0.98147	0.55572
0.98258	0.59009
0.93627	0.29397
0.94843	0.29570
0.93169	0.32564
0.88095	0.04657
0.93741	0.36673
0.92531	0.03023
0.84683	0.12612
0.88440	0.09807
0.87742	0.13424
0.89261	0.25965
0.88306	0.17704
0.95840	0.61474
0.96002	0.63223
0.88868	0.10577
0.94269	0.28668
0.93264	0.37019
0.88244	0.20205
0.94295	0.25133
0.96450	0.33848
0.93278	0.26146
0.93994	0.31332
0.91838	0.15831
0.99344	0.73464
0.83831	0.01741
0.81007	0.05284
0.82863	0.05002
0.90548	0.04787
0.86558	0.05333
0.96948	0.59918
0.89627	0.21065
0.97476	0.26859
0.92421	0.22927
0.92817	0.16162
0.88308	0.14481
0.95016	0.13818
0.90475	0.09721
0.87430	0.13501
0.96644	0.24805
0.97067	0.47858
0.97853	0.25295
0.89712	0.19680
0.98731	0.55008
0.93058	0.17683
0.91238	0.13347
0.91008	0.07699
0.88742	0.13937
0.88490	0.14840
0.88336	0.22627
0.93665	0.42143
0.94434	0.09204
0.88853	0.16154
0.90268	0.15420
0.91184	0.09215
0.91709	0.32132
0.88822	0.36137
0.95474	0.56373
0.90334	0.18665
0.95464	0.43550
0.97379	0.56187
0.90097	0.33960
0.95838	0.02900
0.98823	0.54812
0.94533	0.31914
0.90950	0.14694
0.88579	0.09801
0.95876	0.37014
0.93669	0.16549
0.93839	0.16333
0.98024	0.36494
0.94685	0.40710
0.96541	0.09004
0.95957	0.12723
0.89323	0.02185
0.89579	0.30595
0.90645	0.33093
0.91009	0.14766
0.95443	0.44357
0.95932	0.36500
0.96431	0.37222
0.94430	0.26126
0.89641	0.31486
0.92785	0.45669
0.96895	0.39760
0.95082	0.34628
0.91954	0.12257
0.98143	0.30043
0.92925	0.07069
0.97652	0.57565
0.95248	0.15631
0.91121	0.01549
0.98144	0.31425
0.94467	0.07211
0.95625	0.15893
0.91297	0.08581
0.88636	0.34641
0.94228	0.15975
0.90460	0.29923
0.93449	0.48702
0.92059	0.14457
0.96361	0.63789
0.93875	0.01580
0.95167	0.18530
0.95817	0.45285
0.93358	0.25569
0.96587	0.25239
0.97240	0.27669
0.85558	0.07585
0.97472	0.52437
0.95868	0.31055
0.93809	0.11387
0.93165	0.19574
0.96781	0.42862
0.95352	0.31563
0.90469	0.42314
0.96433	0.31593
0.96121	0.17174
0.98121	0.42684
0.87047	0.31966
0.91336	0.47380
0.95178	0.35926
0.98096	0.24699
0.96678	0.09777
0.97275	0.28463
0.96776	0.20418
0.97988	0.61385
0.96074	0.34673
0.95001	0.28602
0.93230	0.30525
0.93196	0.34511
0.93234	0.30343
0.98711	0.57554
0.93120	0.17158
0.95326	0.26782
0.94640	0.26480
0.95012	0.23953
0.90458	0.08389
0.90314	0.20722
0.90255	0.17034
0.96041	0.42849
0.93942	0.35907
0.91980	0.21907
0.90790	0.40281
0.94817	0.50775
0.97023	0.58607
0.93057	0.16144
0.94916	0.31745
0.93335	0.26292
0.96265	0.28743
0.84720	0.03690
0.98609	0.56517
0.96777	0.06305
0.89869	0.12911
0.97583	0.36702
0.96740	0.45532
0.94441	0.08079
0.96030	0.11463
0.91422	0.36826
0.92132	0.38218
0.96528	0.23897
0.91697	0.03662
0.94770	0.11458
0.86628	0.14314
0.94558	0.25253
0.97638	0.58033
0.98809	0.28115
0.96173	0.35248
0.92859	0.25564
0.95659	0.39180
0.97574	0.34461
0.97471	0.25572
0.96963	0.43291
0.94636	0.23838
0.94016	0.09432
0.94542	0.43244
0.89074	0.03967
0.90782	0.15609
0.91952	0.27125
0.94113	0.32108
0.92986	0.34011
0.95069	0.53691
0.96100	0.26553
0.98258	0.54795
0.96969	0.27580
0.98992	0.44961
0.97025	0.29111
0.98054	0.33982
0.89839	0.09428
0.92934	0.17777
0.97382	0.44788
0.88020	0.08307
0.91713	0.25710
0.98496	0.18456
0.91137	0.14611
0.96905	0.36468
0.98332	0.43444
0.95157	0.35949
0.94494	0.11225
0.96688	0.35404
0.95738	0.39525
0.92798	0.18150
0.98044	0.15794
0.95995	0.30602
0.87688	0.30950
0.92651	0.06513
0.92391	0.23316
0.90405	0.22109
0.90276	0.27487
0.95629	0.29598
0.93236	0.28888
0.90216	0.30681
0.98646	0.59060
0.88663	0.21216
0.95121	0.51046
0.97180	0.37615
0.94095	0.30506
0.94269	0.28706
0.96776	0.41769
0.98338	0.65099
0.85157	0.01947
0.84112	0.05188
0.84094	0.05157
0.91444	0.24363
0.85286	0.15132
0.88630	0.10480
0.96925	0.40882
0.91209	0.34472
0.95563	0.13781
0.96938	0.47283
0.96948	0.32017
0.68976	0.01224
0.98388	0.63088
0.96715	0.52339
0.94378	0.17292
0.98982	0.56145
0.93578	0.20162
0.99793	0.12097
0.98431	0.42241
0.88023	0.06957
0.93650	0.30341
0.95383	0.04900
0.97147	0.54394
0.96423	0.18423
0.84515	0.12781
0.95868	0.40849
0.90831	0.11817
0.96589	0.11497
0.95305	0.33401
0.94861	0.40183
0.93357	0.33457
0.98886	0.28816
0.92570	0.21044
0.98267	0.41289
0.94328	0.41338
0.98441	0.46298
0.94869	0.13654
0.91537	0.17487
0.91375	0.38542
0.91834	0.35137
0.96348	0.39853
0.46978	0.00004
0.97374	0.58599
0.91132	0.22253
0.94506	0.33248
0.97255	0.65145
0.90733	0.03169
0.90092	0.07249
0.91759	0.17023
0.90064	0.21587
0.96007	0.12265
0.96952	0.32868
0.86487	0.09978
0.92481	0.09324
0.98194	0.61518
0.31936	0.00028
0.88717	0.07355
0.92771	0.30668
0.91687	0.37846
0.94655	0.19170
0.94339	0.48878
0.94524	0.27095
0.97185	0.60064
0.93142	0.17682
0.93220	0.44663
0.95510	0.09528
0.97383	0.56497
0.93508	0.20175
0.96354	0.59970
0.94874	0.16540
0.94529	0.48130
0.95785	0.15516
0.95483	0.52307
0.95262	0.19757
0.94228	0.09632
0.97546	0.36406
0.94874	0.04690
0.96893	0.26733
0.95894	0.15580
0.97166	0.17328
0.95097	0.15082
0.95865	0.21206
0.95259	0.23441
0.96552	0.33485
0.94196	0.23723
0.96467	0.23539
0.98658	0.43567
0.97065	0.60144
0.83118	0.03254
0.94521	0.35876
0.97920	0.23694
0.95846	0.39482
0.98073	0.38874
0.95113	0.55068
0.95143	0.48484
0.88816	0.21375
0.86982	0.13579
0.80957	0.11471
0.99255	0.55280
0.84084	0.05301
0.84959	0.18859
0.90434	0.20171
0.90057	0.22585
0.90153	0.12719
0.92446	0.06886
0.87861	0.06495
0.94375	0.20827
0.67424	0.00013
0.62826	0.00043
0.88216	0.01864
0.93163	0.37342
0.97037	0.23645
0.94508	0.37296
0.94814	0.31178
0.95522	0.23262
0.91815	0.21528
0.98306	0.25647
0.96267	0.17608
0.96986	0.24939
0.96991	0.41639
0.95851	0.36199
0.92930	0.24058
0.98986	0.39689
0.95824	0.17878
0.97819	0.42252
0.94819	0.34809
0.94722	0.25332
0.92983	0.34986
0.96613	0.39350
0.94750	0.29797
0.96462	0.34910
0.93796	0.29747
0.96923	0.41251
0.91811	0.24315
0.90939	0.33005
0.95539	0.55499
0.87788	0.03801
0.95282	0.50275
0.92169	0.25119
0.89177	0.05573
0.95657	0.47848
0.79942	0.00445
0.84545	0.14139
0.92645	0.19612
0.90589	0.25072
0.86401	0.17349
0.86514	0.04309
0.92720	0.07137
0.88345	0.05184
0.94950	0.26535
0.89510	0.08533
0.96382	0.31835
0.95112	0.00013
0.87913	0.00897
0.91578	0.15279
0.94997	0.21939
0.98726	0.13775
0.96735	0.30337
0.97378	0.53531
0.97311	0.17447
0.97526	0.32813
0.95145	0.11459
0.96585	0.03359
0.98310	0.13493
0.96156	0.21964
0.93409	0.07211
0.97996	0.31636
0.97524	0.54394
0.97124	0.50660
0.97318	0.66482
0.97283	0.53681
0.97434	0.34172
0.97293	0.37343
0.96177	0.41707
0.98418	0.47643
0.94357	0.10602
0.90880	0.03372
0.95742	0.39865
0.93967	0.40179
0.83179	0.07975
0.97513	0.56595
0.88600	0.21426
0.97525	0.57844
0.97639	0.16413
0.94993	0.35070
0.87495	0.03782
0.95029	0.14964
0.98553	0.32793
0.78179	0.00007
0.93797	0.41927
0.95151	0.30936
0.89244	0.23962
0.97915	0.28169
0.91684	0.28342
0.95599	0.50036
0.97164	0.60175
0.96338	0.46248
0.92576	0.36976
0.96628	0.52579
0.92656	0.09869
0.95824	0.23344
0.97679	0.23544
0.94516	0.19171
0.93583	0.11070
0.94756	0.25660
0.75822	0.00091
0.89401	0.04608
0.96142	0.44440
0.96141	0.36127
0.98218	0.30295
0.96643	0.28573
0.96386	0.23727
0.96805	0.20813
0.96217	0.23575
0.96651	0.23569
0.98029	0.24332
0.96521	0.23294
0.95768	0.25824
0.94372	0.37558
0.94362	0.31692
0.94259	0.34523
0.97845	0.19061
0.90645	0.10569
0.90708	0.22739
0.97192	0.55460
0.99063	0.41395
0.96435	0.31088
0.96870	0.40766
0.96973	0.18720
0.94887	0.21784
0.95054	0.11076
0.96121	0.16292
0.97504	0.45501
0.89984	0.02070
0.95082	0.10180
0.95944	0.23586
0.94976	0.25588
0.98067	0.53712
0.94788	0.33631
0.92468	0.15795
0.95689	0.36682
0.96031	0.34420
0.94890	0.36023
0.95955	0.45769
0.96642	0.20617
0.97096	0.04157
0.97816	0.15406
0.98892	0.38830
0.98241	0.53006
0.97617	0.38196
0.92077	0.23220
0.96228	0.45716
0.96269	0.45586
0.96051	0.44477
0.96074	0.51104
0.91445	0.11519
0.87036	0.08311
0.78159	0.01836
0.96080	0.49229
0.92760	0.00004
0.99164	0.56074
0.84379	0.05820
0.89754	0.08925
0.90159	0.05893
0.94530	0.09848
0.95529	0.06076
0.98685	0.63853
0.93785	0.04135
0.93748	0.05370
0.90312	0.07171
0.90419	0.05007
0.95454	0.06311
0.93031	0.05705
0.94632	0.31305
0.93240	0.10868
0.95192	0.17999
0.94300	0.35653
0.87779	0.05080
0.90513	0.02279
0.97665	0.18127
0.95890	0.26715
0.98154	0.37804
0.98761	0.39057
0.94301	0.53632
0.94427	0.05899
0.90781	0.22709
0.93995	0.36059
0.96384	0.49598
0.95778	0.53577
0.95794	0.50881
0.96458	0.53177
0.93522	0.30386
0.94452	0.28667
0.94878	0.33029
0.91941	0.47255
0.93375	0.50188
0.92558	0.30431
0.92163	0.29129
0.93526	0.16415
0.92492	0.27067
0.91666	0.30586
0.85963	0.12088
0.87049	0.07146
0.94703	0.41687
0.84698	0.09144
0.86229	0.13913
0.94968	0.31800
0.94589	0.32920
0.97431	0.51761
0.96880	0.23155
0.97756	0.33252
0.89082	0.31915
0.83255	0.07751
0.97043	0.17855
0.90439	0.24986
0.94841	0.47288
0.94449	0.55289
0.89191	0.25948
0.90845	0.18524
0.84390	0.11198
0.88851	0.37312
0.97754	0.30039
0.92269	0.18015
0.87389	0.02185
0.95666	0.22605
0.91691	0.26062
0.97423	0.59789
0.98274	0.48903
0.97644	0.56643
0.97119	0.62813
0.98036	0.45558
0.97945	0.24623
0.97952	0.59166
0.93732	0.42149
0.97744	0.55260
0.97269	0.54499
0.97269	0.57698
0.97562	0.48048
0.97881	0.60031
0.89644	0.00878
0.98062	0.49825
0.95472	0.44853
0.95178	0.08948
0.97265	0.56069
0.95052	0.51106
0.98401	0.14533
0.98922	0.71006
0.93153	0.38121
0.97250	0.13641
0.97776	0.53660
0.97204	0.45467
0.97604	0.20018
0.97572	0.57421
0.94836	0.43931
0.95373	0.18703
0.96696	0.33017
0.95741	0.12930
0.95220	0.35067
0.97066	0.57782
0.97246	0.57579
0.97140	0.56139
0.97217	0.57614
0.96427	0.61765
0.97351	0.55577
0.96986	0.47510
0.92865	0.39740
0.97440	0.60389
0.97888	0.52362
0.94946	0.44497
0.97193	0.63016
0.97579	0.58873
0.96558	0.60286
0.97547	0.64671
0.96753	0.60448
0.96692	0.59094
0.96951	0.57644
0.96547	0.64169
0.96977	0.63317
0.98235	0.62516
0.97528	0.63685
0.99592	0.25727
0.97364	0.64185
0.97843	0.65801
0.97343	0.64206
0.97125	0.65012
0.98428	0.64973
0.98159	0.61440
0.98221	0.64922
0.96689	0.62745
0.97501	0.64491
0.96545	0.63176
0.97463	0.62034
0.96276	0.61946
0.96030	0.62562
0.97210	0.63738
0.96751	0.61575
0.97877	0.63756
0.98043	0.63138
0.97889	0.62869
0.97840	0.63197
0.97281	0.65555
0.99454	0.65850
0.96686	0.62529
0.96718	0.62166
0.96024	0.62841
0.97041	0.60196
0.97551	0.63376
0.97363	0.60793
0.98246	0.64535
0.96891	0.64140
0.97833	0.62397
0.96736	0.61060
0.98486	0.66470
0.96273	0.60428
0.97377	0.64175
0.97439	0.58550
0.96621	0.68485
0.97920	0.65466
0.98202	0.62641
0.97924	0.61118
0.93290	0.68460
0.84703	0.33313
0.86739	0.14866
0.79748	0.06113
0.84744	0.14632
0.87437	0.11057
0.82267	0.05879
0.85340	0.22102
0.88063	0.06067
0.85426	0.30975
0.85565	0.04164
0.95072	0.46298
0.85495	0.40005
0.87901	0.45491
0.78693	0.17917
0.85578	0.05137
0.84564	0.35285
0.91037	0.71507
0.97555	0.85705
0.89184	0.25621
0.86624	0.10536
0.84566	0.11771
0.93950	0.63178
0.81284	0.22689
0.86092	0.24540
0.85775	0.30272
0.91500	0.46204
0.82992	0.49961
0.85767	0.44534
0.85600	0.45565
0.84264	0.08260
0.77970	0.14144
0.79647	0.33925
0.87878	0.56070
0.89569	0.57760
0.80450	0.33517
0.87915	0.51699
0.87007	0.04270
0.84665	0.07769
0.85526	0.12850
0.88275	0.57637
0.79539	0.46563
0.79290	0.42678
0.74990	0.25249
0.80765	0.51835
0.89652	0.66911
0.88738	0.63854
0.76562	0.30266
0.90806	0.60423
0.81578	0.30233
0.74509	0.25677
0.93323	0.63061
0.84438	0.51448
0.82714	0.28460
0.76976	0.13453
0.81796	0.50786
0.88359	0.68971
0.92600	0.69325
0.78579	0.33080
0.87931	0.59085
0.82421	0.15055
0.79299	0.23557
0.93256	0.54741
0.84612	0.39018
0.86219	0.20948
0.78841	0.05213
0.79538	0.33206
0.88450	0.57383
0.94118	0.63893
0.78702	0.27030
0.91900	0.55282
0.85825	0.10726
0.79865	0.15424
0.88354	0.49934
0.83651	0.50371
0.86375	0.37768
0.78480	0.21418
0.79815	0.48408
0.86222	0.61037
0.91472	0.67617
0.78827	0.33680
0.88546	0.58281
0.81891	0.05282
0.81138	0.14685
0.79735	0.09570
0.92747	0.50516
0.85017	0.49342
0.84989	0.27405
0.87763	0.20729
0.79348	0.28131
0.87814	0.55893
0.95461	0.71284
0.79296	0.30473
0.94627	0.66244
0.89994	0.17667
0.78241	0.02504
0.88657	0.53256
0.80373	0.48608
0.78168	0.27059
0.76347	0.19967
0.79094	0.49125
0.86802	0.62829
0.91382	0.67842
0.77766	0.33421
0.80139	0.11327
